8
0.0 100.542706598 105.475355778 125.963111611 90.8294945052 89.6665906969 87.7180048173 87.8436538438
100.542706598 0.0 97.8860403813 116.791421616 123.785495943 102.523599673 159.052268514 111.780908138
105.475355778 97.8860403813 0.0 123.850012719 92.0034080372 134.101824417 77.4165798243 96.0324356907
125.963111611 116.791421616 123.850012719 0.0 125.963111611 90.3182624732 125.963111611 77.4165798243
90.8294945052 123.785495943 92.0034080372 125.963111611 0.0 99.5169438148 105.398832804 98.3956136413
89.6665906969 102.523599673 134.101824417 90.3182624732 99.5169438148 0.0 103.395977556 97.5791916922
87.7180048173 159.052268514 77.4165798243 125.963111611 105.398832804 103.395977556 0.0 122.252487973
87.8436538438 111.780908138 96.0324356907 77.4165798243 98.3956136413 97.5791916922 122.252487973 0.0
