10
0.0 124.797489374 87.8357346623 110.354191994 85.5391024278 115.879138882 96.1787831722 132.017726145 107.200892212 98.1245549609
124.797489374 0.0 74.2243970613 103.13927457 111.33203567 78.6208365236 131.558206364 104.485352249 81.4583994343 91.1233525363
87.8357346623 74.2243970613 0.0 132.836623105 96.0443110032 113.096101714 84.78581767 91.0003597286 91.0003597286 147.533047018
110.354191994 103.13927457 132.836623105 0.0 43.0394172337 92.0830839367 111.508240102 107.663728872 102.251834331 90.2799378612
85.5391024278 111.33203567 96.0443110032 43.0394172337 0.0 150.385627053 91.1233525363 55.1267610357 77.3577660491 96.1787831722
115.879138882 78.6208365236 113.096101714 92.0830839367 150.385627053 0.0 90.2139446988 71.291427716 131.558206364 65.1627016714
96.1787831722 131.558206364 84.78581767 111.508240102 91.1233525363 90.2139446988 0.0 107.963475802 139.736950693 94.5037166057
132.017726145 104.485352249 91.0003597286 107.663728872 55.1267610357 71.291427716 107.963475802 0.0 90.3200382242 147.533047018
107.200892212 81.4583994343 91.0003597286 102.251834331 77.3577660491 131.558206364 139.736950693 90.3200382242 0.0 112.514710804
98.1245549609 91.1233525363 147.533047018 90.2799378612 96.1787831722 65.1627016714 94.5037166057 147.533047018 112.514710804 0.0
